[
  {
    "epoch": 1,
    "step": 0,
    "timestamp": "2026-02-14T00:59:59.520288",
    "total_loss": 2.8877812957763673,
    "recon_loss": 2.887671527862549,
    "recon_loss_s": 1.6979574012756347,
    "recon_loss_z": 1.1897141301631928,
    "l1_loss": 1.0978460264205934,
    "l0_sparsity_s": 0.4978812599182129,
    "l0_sparsity_z": 0.4987839484214783,
    "loss": 2.8877812957763673
  },
  {
    "epoch": 2,
    "step": 25,
    "timestamp": "2026-02-14T01:00:07.915563",
    "total_loss": 0.9230225348472595,
    "recon_loss": 0.9229161286354065,
    "recon_loss_s": 0.5960603547096253,
    "recon_loss_z": 0.32685577154159545,
    "l1_loss": 1.0641014719009398,
    "l0_sparsity_s": 0.49400092840194704,
    "l0_sparsity_z": 0.4979088020324707,
    "loss": 0.9230225348472595
  }
]